#<LETTER> <1 if ISOLATED or 0 if NOT> <VOT values>
#POS = нкс Чгу
# УцвЧф УнкЧс
энкс 0 100 0 0
Ънкс 0 100 0 0
фнкс 0 100 0 0
Чнкс 0 100 0 0
Хнкс 0 100 0 0
нс 0 100 0 0
нксф 0 100 0 0
нкфс 0 100 0 0
Чфнкс 0 100 0 0
ЧнЪкс 0 100 0 0
ЪнЧкс 0 100 0 0
Ънэкс 0 100 0 0
Ъункс 0 100 0 0
Хнкцкс 0 100 0 0
энксс 0 100 0 0
эЪнксс 0 100 0 0
Ънкцс 0 100 0 0
Ънцкс 0 100 0 0
Ънксь 0 100 0 0
Хнксс 0 100 0 0
# УцвЧф УгуЧС
ункс 0 0 100 0
нкЧс 0 0 100 0
нксь 0 0 100 0
унЧкс 0 0 100 0
УнЧкс 0 0 100 0
нЧкцс 0 0 100 0
нкЧсь 0 0 100 0
нкфсь 0 0 100 0
УнкЧс 0 0 100 0
энкцс 0 0 100 0
нэксь 0 0 100 0
Унксь 0 0 100 0
уфнкс 0 0 100 0
нцЧкс 0 0 100 0
нкЧкс 0 0 100 0
нкЧЦс 0 0 100 0
нксцс 0 0 100 0
нксЧф 0 0 100 0
нксЧС 0 0 100 0
нкЧсЩ 0 0 100 0
ункЧс 0 0 100 0
ункцс 0 0 100 0
унксЩ 0 0 100 0
нксфЩ 0 0 100 0
нэкцс 0 0 100 0
нкцсЩ 0 0 100 0
Ункцс 0 0 100 0
Хнкэс 0 0 100 0
нксэс 0 0 100 0
нкэЧс 0 0 100 0
нкцкс 0 0 100 0
ункэс 0 0 100 0
унксс 0 0 100 0
нЧксЩ 0 0 100 0
унЪкс 0 0 100 0
угЪнкс 0 0 100 0
нксэЧС 0 0 100 0
нксцЧф 0 0 100 0
унЧкэс 0 0 100 0
УнЧкэс 0 0 100 0
УнксЧф 0 0 100 0
нкЧкэс 0 0 100 0
ункцкс 0 0 100 0
нкЧсэс 0 0 100 0
унЧксЩ 0 0 100 0
ЧфнкЧс 0 0 100 0
ЧнЪкЧс 0 0 100 0
уЪнкс 0 0 100 0
уЪнЧкс 0 0 100 0
ункЧсЩ 0 0 100 0
ЧгЪнкЧс 0 0 100 0
ЧнкэсЧс 0 0 100 0
ЧнкэкЧс 0 0 100 0
ункцсЧС 0 0 100 0
нкЧсс 0 0 100 0
нксЧс 0 0 100 0
нксцЩ 0 0 100 0
Ънкэс 0 0 100 0
нэксцс 0 0 100 0
# УцвЧф УгуЧС Уц УнкЧс
нкс 0 50 50 0
нксс 0 50 50 0
ХнкЧс 0 50 50 0
ЧгЪнкс 0 50 50 0
Ънксс 0 50 50 0
нЧкс 0 50 50 0
нэкс 0 50 50 0
нцкс 0 50 50 0
нкцс 0 50 50 0
нкэс 0 50 50 0
нфкс 0 50 50 0
Ункс 0 50 50 0